saas.sin.fan:443#▼ 优选域名 TOP20 | 05-19 05:12 | YouTube@真香定律
avido.cf.3666888.xyz:443#avido.cf.3666888.xyz
cloudflare-ip.mofashi.ltd:443#cloudflare-ip.mofashi.ltd
store.epicgames.com:443#store.epicgames.com
adnjv.cf.3666888.xyz:443#adnjv.cf.3666888.xyz
bestcfv4.030101.xyz:443#bestcfv4.030101.xyz
7.cf.3666888.xyz:443#7.cf.3666888.xyz
www.fastsoso.cn:443#www.fastsoso.cn
yg11.ygkkk.dpdns.org:443#yg11.ygkkk.dpdns.org
cdns.doon.eu.org:443#cdns.doon.eu.org
fenliu.072103.xyz:443#fenliu.072103.xyz
123.cf.3666888.xyz:443#123.cf.3666888.xyz
2.cf.3666888.xyz:443#2.cf.3666888.xyz
3.cf.3666888.xyz:443#3.cf.3666888.xyz
www.xiaoshuofen.com:443#www.xiaoshuofen.com
y508.com:443#y508.com
cmcc.cc.cd:443#cmcc.cc.cd
yg1.ygkkk.dpdns.org:443#yg1.ygkkk.dpdns.org
zeas.top:443#zeas.top
openai.com:443#openai.com
store.ubi.com:443#store.ubi.com
bestcf.030101.xyz:443#▲ 优选域名 | 分享免费优选网 BestCF.pages.dev | VPS789 7*24监测
