saas.sin.fan:443#▼ 优选域名 TOP20 | 05-22 07:13 | YouTube@真香定律
cfyx.qdqqd.com:443#cfyx.qdqqd.com
cf1s.cf.3666888.xyz:443#cf1s.cf.3666888.xyz
uac.cf.3666888.xyz:443#uac.cf.3666888.xyz
3.cf.3666888.xyz:443#3.cf.3666888.xyz
zeas.top:443#zeas.top
cf.3666888.xyz:443#cf.3666888.xyz
sg.cf.3666888.xyz:443#sg.cf.3666888.xyz
vip.cf.3666888.xyz:443#vip.cf.3666888.xyz
adnjv.cf.3666888.xyz:443#adnjv.cf.3666888.xyz
baka.fun:443#baka.fun
www.xiaoshuofen.com:443#www.xiaoshuofen.com
test2.509666.xyz:443#test2.509666.xyz
store.ubi.com:443#store.ubi.com
staticdelivery.nexusmods.com:443#staticdelivery.nexusmods.com
cf.cf.3666888.xyz:443#cf.cf.3666888.xyz
7.cf.3666888.xyz:443#7.cf.3666888.xyz
5.cf.3666888.xyz:443#5.cf.3666888.xyz
ys2046.cv:443#ys2046.cv
markmonitor.com:443#markmonitor.com
cf.mubaiovo.top:443#cf.mubaiovo.top
bestcf.030101.xyz:443#▲ 优选域名 | 分享免费优选网 BestCF.pages.dev | VPS789 7*24监测
