saas.sin.fan:443#▼ 优选域名 TOP20 | 05-13 21:12 | YouTube@真香定律
openai.com:443#openai.com
5.cf.3666888.xyz:443#5.cf.3666888.xyz
cf.godns.cc:443#cf.godns.cc
www.jimdo.com:443#www.jimdo.com
cdn.cf.3666888.xyz:443#cdn.cf.3666888.xyz
zeas.top:443#zeas.top
www.mc.js.cool:443#www.mc.js.cool
yyurl.cc:443#yyurl.cc
yg5.ygkkk.dpdns.org:443#yg5.ygkkk.dpdns.org
test2.509666.xyz:443#test2.509666.xyz
cfsaas.080112.xyz:443#cfsaas.080112.xyz
8.cf.3666888.xyz:443#8.cf.3666888.xyz
cnllm.com:443#cnllm.com
cfyx.qdqqd.com:443#cfyx.qdqqd.com
cf.cf.3666888.xyz:443#cf.cf.3666888.xyz
cdn.204910.best:443#cdn.204910.best
eii.at:443#eii.at
cf1.v8.longsays.com:443#cf1.v8.longsays.com
youxuan.cf.3666888.xyz:443#youxuan.cf.3666888.xyz
cloudflare.rainyfall.com:443#cloudflare.rainyfall.com
bestcf.030101.xyz:443#▲ 优选域名 | 分享免费优选网 BestCF.pages.dev | VPS789 7*24监测
