162.159.198.1:443#VPS789优选域名 TOP20 | 06-10 01:43 | BestCF.pages.dev
www.jimdo.com:443#VPS789优选 | www.jimdo.com
yg7.ygkkk.dpdns.org:443#VPS789优选 | yg7.ygkkk.dpdns.org
www.mlkj888.com:443#VPS789优选 | www.mlkj888.com
cdn.091224.xyz:443#VPS789优选 | cdn.091224.xyz
www.sloomb.com:443#VPS789优选 | www.sloomb.com
play.mc.js.cool:443#VPS789优选 | play.mc.js.cool
jp.cf.3666888.xyz:443#VPS789优选 | jp.cf.3666888.xyz
9.cf.3666888.xyz:443#VPS789优选 | 9.cf.3666888.xyz
test.509666.xyz:443#VPS789优选 | test.509666.xyz
test2.509666.xyz:443#VPS789优选 | test2.509666.xyz
coke.cf.3666888.xyz:443#VPS789优选 | coke.cf.3666888.xyz
sanwang.cf.3666888.xyz:443#VPS789优选 | sanwang.cf.3666888.xyz
cdn.555586.xyz:443#VPS789优选 | cdn.555586.xyz
yg1.ygkkk.dpdns.org:443#VPS789优选 | yg1.ygkkk.dpdns.org
yg5.ygkkk.dpdns.org:443#VPS789优选 | yg5.ygkkk.dpdns.org
cf-ip-node.vov.moe:443#VPS789优选 | cf-ip-node.vov.moe
kniu.cc:443#VPS789优选 | kniu.cc
cloudflare-ip.mofashi.ltd:443#VPS789优选 | cloudflare-ip.mofashi.ltd
www.swowd.com:443#VPS789优选 | www.swowd.com
yidong.19931101.xyz:443#VPS789优选 | yidong.19931101.xyz
162.159.197.1:443#VPS789优选域名 | 分享免费优选网 BestCF.pages.dev
