saas.sin.fan:443#▼ 优选域名 TOP20 | 05-18 13:43 | YouTube@真香定律
cdn.7zz.cn:443#cdn.7zz.cn
www.leics.police.uk:443#www.leics.police.uk
qocu.cf.3666888.xyz:443#qocu.cf.3666888.xyz
yg7.ygkkk.dpdns.org:443#yg7.ygkkk.dpdns.org
baka.fun:443#baka.fun
vip.cf.3666888.xyz:443#vip.cf.3666888.xyz
1.cf.3666888.xyz:443#1.cf.3666888.xyz
cloudflare.idc.rocks:443#cloudflare.idc.rocks
bestcfv4.030101.xyz:443#bestcfv4.030101.xyz
cfsaas.080112.xyz:443#cfsaas.080112.xyz
hk.cf.3666888.xyz:443#hk.cf.3666888.xyz
cf1s.cf.3666888.xyz:443#cf1s.cf.3666888.xyz
uac.cf.3666888.xyz:443#uac.cf.3666888.xyz
yg11.ygkkk.dpdns.org:443#yg11.ygkkk.dpdns.org
cmcc.cc.cd:443#cmcc.cc.cd
9.cf.3666888.xyz:443#9.cf.3666888.xyz
freeyx.cloudflare88.eu.org:443#freeyx.cloudflare88.eu.org
cdn.262832.xyz:443#cdn.262832.xyz
nexusmods.com:443#nexusmods.com
youxuan.cf.3666888.xyz:443#youxuan.cf.3666888.xyz
bestcf.030101.xyz:443#▲ 优选域名 | 分享免费优选网 BestCF.pages.dev | VPS789 7*24监测
