saas.sin.fan:443#▼ 优选域名 TOP20 | 05-18 10:13 | YouTube@真香定律
cnllm.com:443#cnllm.com
cdn.7zz.cn:443#cdn.7zz.cn
qocu.cf.3666888.xyz:443#qocu.cf.3666888.xyz
yg7.ygkkk.dpdns.org:443#yg7.ygkkk.dpdns.org
cfip-ct.stoeaves.us.ci:443#cfip-ct.stoeaves.us.ci
www.leics.police.uk:443#www.leics.police.uk
sanwang.cf.3666888.xyz:443#sanwang.cf.3666888.xyz
vip.cf.3666888.xyz:443#vip.cf.3666888.xyz
freeyx.cloudflare88.eu.org:443#freeyx.cloudflare88.eu.org
baka.fun:443#baka.fun
cf.v8.longsays.com:443#cf.v8.longsays.com
cf1s.cf.3666888.xyz:443#cf1s.cf.3666888.xyz
cfsaas.080112.xyz:443#cfsaas.080112.xyz
bbs.alipansou.com:443#bbs.alipansou.com
uac.cf.3666888.xyz:443#uac.cf.3666888.xyz
cmcc.cc.cd:443#cmcc.cc.cd
nrt.xxxxxxxx.nyc.mn:443#nrt.xxxxxxxx.nyc.mn
1.cf.3666888.xyz:443#1.cf.3666888.xyz
bestcfv4.030101.xyz:443#bestcfv4.030101.xyz
cdn.262832.xyz:443#cdn.262832.xyz
bestcf.030101.xyz:443#▲ 优选域名 | 分享免费优选网 BestCF.pages.dev | VPS789 7*24监测
