saas.sin.fan:443#▼ 优选域名 TOP20 | 05-18 23:42 | YouTube@真香定律
keji.cf.3666888.xyz:443#keji.cf.3666888.xyz
qocu.cf.3666888.xyz:443#qocu.cf.3666888.xyz
yg11.ygkkk.dpdns.org:443#yg11.ygkkk.dpdns.org
cloudflare-ip.mofashi.ltd:443#cloudflare-ip.mofashi.ltd
markmonitor.com:443#markmonitor.com
cdn.2020111.xyz:443#cdn.2020111.xyz
adnjv.cf.3666888.xyz:443#adnjv.cf.3666888.xyz
chrono24.com:443#chrono24.com
hk.cf.3666888.xyz:443#hk.cf.3666888.xyz
visa.com:443#visa.com
bestcfv4.030101.xyz:443#bestcfv4.030101.xyz
cmcc.cc.cd:443#cmcc.cc.cd
cdns.doon.eu.org:443#cdns.doon.eu.org
openai.com:443#openai.com
store.ubi.com:443#store.ubi.com
www.fastsoso.cn:443#www.fastsoso.cn
cdn.262832.xyz:443#cdn.262832.xyz
cf1s.cf.3666888.xyz:443#cf1s.cf.3666888.xyz
cfvip.cf.3666888.xyz:443#cfvip.cf.3666888.xyz
cloudflare.rainyfall.com:443#cloudflare.rainyfall.com
bestcf.030101.xyz:443#▲ 优选域名 | 分享免费优选网 BestCF.pages.dev | VPS789 7*24监测
