saas.sin.fan:443#▼ 优选域名 TOP20 | 05-15 08:43 | YouTube@真香定律
11.cf.3666888.xyz:443#11.cf.3666888.xyz
openai.com:443#openai.com
yg5.ygkkk.dpdns.org:443#yg5.ygkkk.dpdns.org
www.jimdo.com:443#www.jimdo.com
cf.mubaiovo.top:443#cf.mubaiovo.top
y508.com:443#y508.com
www.dg22.top:443#www.dg22.top
cdn.2020111.xyz:443#cdn.2020111.xyz
cdn.555586.xyz:443#cdn.555586.xyz
cf1.v8.longsays.com:443#cf1.v8.longsays.com
www.5h.com:443#www.5h.com
staticdelivery.nexusmods.com:443#staticdelivery.nexusmods.com
cf.3666888.xyz:443#cf.3666888.xyz
page.mercer.com:443#page.mercer.com
qocu.cf.3666888.xyz:443#qocu.cf.3666888.xyz
www.ox.ac.uk:443#www.ox.ac.uk
4.cf.3666888.xyz:443#4.cf.3666888.xyz
test2.509666.xyz:443#test2.509666.xyz
cloudflare.rainyfall.com:443#cloudflare.rainyfall.com
3.cf.3666888.xyz:443#3.cf.3666888.xyz
bestcf.030101.xyz:443#▲ 优选域名 | 分享免费优选网 BestCF.pages.dev | VPS789 7*24监测
