saas.sin.fan:443#▼ 优选域名 TOP20 | 05-18 21:13 | YouTube@真香定律
uac.cf.3666888.xyz:443#uac.cf.3666888.xyz
keji.cf.3666888.xyz:443#keji.cf.3666888.xyz
baka.fun:443#baka.fun
www.jimdo.com:443#www.jimdo.com
openai.com:443#openai.com
cdn.2020111.xyz:443#cdn.2020111.xyz
www.xiaoshuofen.com:443#www.xiaoshuofen.com
www.leics.police.uk:443#www.leics.police.uk
chrono24.com:443#chrono24.com
ping.pe:443#ping.pe
cloudflare.rainyfall.com:443#cloudflare.rainyfall.com
bestcfv4.030101.xyz:443#bestcfv4.030101.xyz
cdn.262832.xyz:443#cdn.262832.xyz
hk.cf.3666888.xyz:443#hk.cf.3666888.xyz
freeyx.cloudflare88.eu.org:443#freeyx.cloudflare88.eu.org
youxuan.cf.3666888.xyz:443#youxuan.cf.3666888.xyz
cf1s.cf.3666888.xyz:443#cf1s.cf.3666888.xyz
123.cf.3666888.xyz:443#123.cf.3666888.xyz
2.cf.3666888.xyz:443#2.cf.3666888.xyz
qocu.cf.3666888.xyz:443#qocu.cf.3666888.xyz
bestcf.030101.xyz:443#▲ 优选域名 | 分享免费优选网 BestCF.pages.dev | VPS789 7*24监测
