saas.sin.fan:443#▼ 优选域名 TOP20 | 05-24 00:43 | YouTube@真香定律
yg11.ygkkk.dpdns.org:443#yg11.ygkkk.dpdns.org
123.cf.3666888.xyz:443#123.cf.3666888.xyz
qocu.cf.3666888.xyz:443#qocu.cf.3666888.xyz
bbs.alipansou.com:443#bbs.alipansou.com
www.mfyx.cn:443#www.mfyx.cn
2.cf.3666888.xyz:443#2.cf.3666888.xyz
yg1.ygkkk.dpdns.org:443#yg1.ygkkk.dpdns.org
cf.553314.xyz:443#cf.553314.xyz
www.jimdo.com:443#www.jimdo.com
9.cf.3666888.xyz:443#9.cf.3666888.xyz
cdn.31514926.xyz:443#cdn.31514926.xyz
baka.fun:443#baka.fun
test2.509666.xyz:443#test2.509666.xyz
hfqek.cf.3666888.xyz:443#hfqek.cf.3666888.xyz
cfip-cu.stoeaves.us.ci:443#cfip-cu.stoeaves.us.ci
www.visa.com:443#www.visa.com
yg5.ygkkk.dpdns.org:443#yg5.ygkkk.dpdns.org
www.nexusmods.com:443#www.nexusmods.com
www.giannidelprete.it:443#www.giannidelprete.it
api.gzcrtw.com:443#api.gzcrtw.com
bestcf.030101.xyz:443#▲ 优选域名 | 分享免费优选网 BestCF.pages.dev | VPS789 7*24监测
