162.159.198.1:443#VPS789优选域名 TOP50 | 06-22 23:10 | BestCF.pages.dev
nexusmods.com:443#VPS789优选 | nexusmods.com
hfqek.cf.3666888.xyz:443#VPS789优选 | hfqek.cf.3666888.xyz
cloudflare.468123.xyz:443#VPS789优选 | cloudflare.468123.xyz
play.mc.js.cool:443#VPS789优选 | play.mc.js.cool
cdns.doon.eu.org:443#VPS789优选 | cdns.doon.eu.org
www.shopify.com:443#VPS789优选 | www.shopify.com
cmcc.cc.cd:443#VPS789优选 | cmcc.cc.cd
cdn.091224.xyz:443#VPS789优选 | cdn.091224.xyz
www.vastnovel.com:443#VPS789优选 | www.vastnovel.com
cf.godns.cc:443#VPS789优选 | cf.godns.cc
youxuan.cf.3666888.xyz:443#VPS789优选 | youxuan.cf.3666888.xyz
1.cf.3666888.xyz:443#VPS789优选 | 1.cf.3666888.xyz
edgeone.gh-proxy.org:443#VPS789优选 | edgeone.gh-proxy.org
snipaste5.speedip.eu.org:443#VPS789优选 | snipaste5.speedip.eu.org
www.5199dy.com:443#VPS789优选 | www.5199dy.com
cmcc.vvvv.ee:443#VPS789优选 | cmcc.vvvv.ee
10.cf.3666888.xyz:443#VPS789优选 | 10.cf.3666888.xyz
isp.254301.xyz:443#VPS789优选 | isp.254301.xyz
www.giannidelprete.it:443#VPS789优选 | www.giannidelprete.it
01-qq.com:443#VPS789优选 | 01-qq.com
8.cf.3666888.xyz:443#VPS789优选 | 8.cf.3666888.xyz
101yaoye.com:443#VPS789优选 | 101yaoye.com
adnjv.cf.3666888.xyz:443#VPS789优选 | adnjv.cf.3666888.xyz
bestcfv4.030101.xyz:443#VPS789优选 | bestcfv4.030101.xyz
3.cf.3666888.xyz:443#VPS789优选 | 3.cf.3666888.xyz
www.visa.com.hk:443#VPS789优选 | www.visa.com.hk
test.509666.xyz:443#VPS789优选 | test.509666.xyz
cloudflare.idc.rocks:443#VPS789优选 | cloudflare.idc.rocks
cf.cf.3666888.xyz:443#VPS789优选 | cf.cf.3666888.xyz
7.cf.3666888.xyz:443#VPS789优选 | 7.cf.3666888.xyz
baka.fun:443#VPS789优选 | baka.fun
www.mlkj888.com:443#VPS789优选 | www.mlkj888.com
www.xflash.vip:443#VPS789优选 | www.xflash.vip
cu.877774.xyz:443#VPS789优选 | cu.877774.xyz
redis.io:443#VPS789优选 | redis.io
dnew.cc:443#VPS789优选 | dnew.cc
sanwang.cf.3666888.xyz:443#VPS789优选 | sanwang.cf.3666888.xyz
www.bangbenjiaju.com:443#VPS789优选 | www.bangbenjiaju.com
cf.3666888.xyz:443#VPS789优选 | cf.3666888.xyz
cf1s.cf.3666888.xyz:443#VPS789优选 | cf1s.cf.3666888.xyz
123.cf.3666888.xyz:443#VPS789优选 | 123.cf.3666888.xyz
4.cf.3666888.xyz:443#VPS789优选 | 4.cf.3666888.xyz
www.swowd.com:443#VPS789优选 | www.swowd.com
zeas.top:443#VPS789优选 | zeas.top
api.gzcrtw.com:443#VPS789优选 | api.gzcrtw.com
coke.cf.3666888.xyz:443#VPS789优选 | coke.cf.3666888.xyz
staticdelivery.nexusmods.com:443#VPS789优选 | staticdelivery.nexusmods.com
stlouiscountymo.gov:443#VPS789优选 | stlouiscountymo.gov
sg.cf.3666888.xyz:443#VPS789优选 | sg.cf.3666888.xyz
cloudflare-ip.mofashi.ltd:443#VPS789优选 | cloudflare-ip.mofashi.ltd
162.159.197.1:443#VPS789优选域名 | 分享免费优选网 BestCF.pages.dev
