162.159.198.1:443#VPS789优选域名 TOP50 | 06-22 22:10 | BestCF.pages.dev
www.shopify.com:443#VPS789优选 | www.shopify.com
staticdelivery.nexusmods.com:443#VPS789优选 | staticdelivery.nexusmods.com
nexusmods.com:443#VPS789优选 | nexusmods.com
hfqek.cf.3666888.xyz:443#VPS789优选 | hfqek.cf.3666888.xyz
cloudflare.468123.xyz:443#VPS789优选 | cloudflare.468123.xyz
www.vastnovel.com:443#VPS789优选 | www.vastnovel.com
cdns.doon.eu.org:443#VPS789优选 | cdns.doon.eu.org
youxuan.cf.3666888.xyz:443#VPS789优选 | youxuan.cf.3666888.xyz
1.cf.3666888.xyz:443#VPS789优选 | 1.cf.3666888.xyz
cmcc.cc.cd:443#VPS789优选 | cmcc.cc.cd
cdn.091224.xyz:443#VPS789优选 | cdn.091224.xyz
edgeone.gh-proxy.org:443#VPS789优选 | edgeone.gh-proxy.org
10.cf.3666888.xyz:443#VPS789优选 | 10.cf.3666888.xyz
snipaste5.speedip.eu.org:443#VPS789优选 | snipaste5.speedip.eu.org
www.5199dy.com:443#VPS789优选 | www.5199dy.com
cmcc.vvvv.ee:443#VPS789优选 | cmcc.vvvv.ee
isp.254301.xyz:443#VPS789优选 | isp.254301.xyz
china-telecom.cname.cloudflare.468123.xyz:443#VPS789优选 | china-telecom.cname.cloudflare.468123.xyz
www.giannidelprete.it:443#VPS789优选 | www.giannidelprete.it
01-qq.com:443#VPS789优选 | 01-qq.com
101yaoye.com:443#VPS789优选 | 101yaoye.com
bestcfv4.030101.xyz:443#VPS789优选 | bestcfv4.030101.xyz
cdn.555586.xyz:443#VPS789优选 | cdn.555586.xyz
8.cf.3666888.xyz:443#VPS789优选 | 8.cf.3666888.xyz
www.visa.com.hk:443#VPS789优选 | www.visa.com.hk
3.cf.3666888.xyz:443#VPS789优选 | 3.cf.3666888.xyz
7.cf.3666888.xyz:443#VPS789优选 | 7.cf.3666888.xyz
redis.io:443#VPS789优选 | redis.io
test.509666.xyz:443#VPS789优选 | test.509666.xyz
www.bangbenjiaju.com:443#VPS789优选 | www.bangbenjiaju.com
play.mc.js.cool:443#VPS789优选 | play.mc.js.cool
cloudflare.idc.rocks:443#VPS789优选 | cloudflare.idc.rocks
cf.cf.3666888.xyz:443#VPS789优选 | cf.cf.3666888.xyz
123.cf.3666888.xyz:443#VPS789优选 | 123.cf.3666888.xyz
www.swowd.com:443#VPS789优选 | www.swowd.com
baka.fun:443#VPS789优选 | baka.fun
www.mlkj888.com:443#VPS789优选 | www.mlkj888.com
cu.877774.xyz:443#VPS789优选 | cu.877774.xyz
cloudflare-ip.mofashi.ltd:443#VPS789优选 | cloudflare-ip.mofashi.ltd
cdn.cf.3666888.xyz:443#VPS789优选 | cdn.cf.3666888.xyz
sanwang.cf.3666888.xyz:443#VPS789优选 | sanwang.cf.3666888.xyz
sg.cf.3666888.xyz:443#VPS789优选 | sg.cf.3666888.xyz
cf1s.cf.3666888.xyz:443#VPS789优选 | cf1s.cf.3666888.xyz
youxuan.cf.636949.xyz:443#VPS789优选 | youxuan.cf.636949.xyz
adnjv.cf.3666888.xyz:443#VPS789优选 | adnjv.cf.3666888.xyz
4.cf.3666888.xyz:443#VPS789优选 | 4.cf.3666888.xyz
yg5.ygkkk.dpdns.org:443#VPS789优选 | yg5.ygkkk.dpdns.org
www.nexusmods.com:443#VPS789优选 | www.nexusmods.com
www.cdzxdz.com:443#VPS789优选 | www.cdzxdz.com
api.gzcrtw.com:443#VPS789优选 | api.gzcrtw.com
162.159.197.1:443#VPS789优选域名 | 分享免费优选网 BestCF.pages.dev
