saas.sin.fan:443#▼ 优选域名 TOP50 | 05-18 13:43 | YouTube@真香定律
cdn.7zz.cn:443#cdn.7zz.cn
www.leics.police.uk:443#www.leics.police.uk
qocu.cf.3666888.xyz:443#qocu.cf.3666888.xyz
yg7.ygkkk.dpdns.org:443#yg7.ygkkk.dpdns.org
baka.fun:443#baka.fun
vip.cf.3666888.xyz:443#vip.cf.3666888.xyz
1.cf.3666888.xyz:443#1.cf.3666888.xyz
cloudflare.idc.rocks:443#cloudflare.idc.rocks
bestcfv4.030101.xyz:443#bestcfv4.030101.xyz
cfsaas.080112.xyz:443#cfsaas.080112.xyz
hk.cf.3666888.xyz:443#hk.cf.3666888.xyz
cf1s.cf.3666888.xyz:443#cf1s.cf.3666888.xyz
uac.cf.3666888.xyz:443#uac.cf.3666888.xyz
yg11.ygkkk.dpdns.org:443#yg11.ygkkk.dpdns.org
cmcc.cc.cd:443#cmcc.cc.cd
9.cf.3666888.xyz:443#9.cf.3666888.xyz
freeyx.cloudflare88.eu.org:443#freeyx.cloudflare88.eu.org
cdn.262832.xyz:443#cdn.262832.xyz
nexusmods.com:443#nexusmods.com
youxuan.cf.3666888.xyz:443#youxuan.cf.3666888.xyz
2.cf.3666888.xyz:443#2.cf.3666888.xyz
hfqek.cf.3666888.xyz:443#hfqek.cf.3666888.xyz
5.cf.3666888.xyz:443#5.cf.3666888.xyz
7.cf.3666888.xyz:443#7.cf.3666888.xyz
www.nexusmods.com:443#www.nexusmods.com
www.xiaoshuofen.com:443#www.xiaoshuofen.com
cnllm.com:443#cnllm.com
api.gzcrtw.com:443#api.gzcrtw.com
yyurl.cc:443#yyurl.cc
6.cf.3666888.xyz:443#6.cf.3666888.xyz
8.cf.3666888.xyz:443#8.cf.3666888.xyz
yg1.ygkkk.dpdns.org:443#yg1.ygkkk.dpdns.org
bestcf.top:443#bestcf.top
cloudflare-ip.mofashi.ltd:443#cloudflare-ip.mofashi.ltd
cloudflare.182682.xyz:443#cloudflare.182682.xyz
openai.com:443#openai.com
cdn.204910.best:443#cdn.204910.best
staticdelivery.nexusmods.com:443#staticdelivery.nexusmods.com
cf.3666888.xyz:443#cf.3666888.xyz
snipaste5.speedip.eu.org:443#snipaste5.speedip.eu.org
dnew.cc:443#dnew.cc
cf.mubaiovo.top:443#cf.mubaiovo.top
keji.cf.3666888.xyz:443#keji.cf.3666888.xyz
jp.cf.3666888.xyz:443#jp.cf.3666888.xyz
us.cloudflare.cnae.top:443#us.cloudflare.cnae.top
123.cf.3666888.xyz:443#123.cf.3666888.xyz
11.cf.3666888.xyz:443#11.cf.3666888.xyz
test.509666.xyz:443#test.509666.xyz
yg5.ygkkk.dpdns.org:443#yg5.ygkkk.dpdns.org
yg9.ygkkk.dpdns.org:443#yg9.ygkkk.dpdns.org
bestcf.030101.xyz:443#▲ 优选域名 | 分享免费优选网 BestCF.pages.dev | VPS789 7*24监测
